[dataset]
alpha =  2.0708620427781153
sigma=  0.1985923780643122
l= 0.483491099945938
gamma = 0.4972545632405633
margin = 0.00020750171830713216
beta_ratio=  0.14033231327559872
H2_weight = 0.6758341962960585
var_weight = 0.0006818137374953562

